# Time-averaged data for fix rdfnvt
# TimeStep Number-of-rows
# Row c_rdfnvt[1] c_rdfnvt[2] c_rdfnvt[3] c_rdfnvt[4] c_rdfnvt[5] c_rdfnvt[6] c_rdfnvt[7]
200000 100
1 0.0175 0 0 0 0 0 0
2 0.0525 0 0 0 0 0 0
3 0.0875 0 0 0 0 0 0
4 0.1225 0 0 0 0 0 0
5 0.1575 0 0 0 0 0 0
6 0.1925 0 0 0 0 0 0
7 0.2275 0 0 0 0 0 0
8 0.2625 0 0 0 0 0 0
9 0.2975 0 0 0 0 0 0
10 0.3325 0 0 0 0 0 0
11 0.3675 0 0 0 0 0 0
12 0.4025 0 0 0 0 0 0
13 0.4375 0 0 0 0 0 0
14 0.4725 0 0 0 0 0 0
15 0.5075 0 0 0 0 0 0
16 0.5425 0 0 0 0 0 0
17 0.5775 0 0 0 0 0 0
18 0.6125 0 0 0 0 0 0
19 0.6475 0 0 0 0 0 0
20 0.6825 0 0 0 0 0 0
21 0.7175 0 0 0 0 0 0
22 0.7525 0 0 0 0 0 0
23 0.7875 0 0 0 0 0 0
24 0.8225 0 0 0 0 0 0
25 0.8575 0 0 0 0 0.00163589 0.000398759
26 0.8925 0 0 0 0 0.0517804 0.0140718
27 0.9275 0 0 0 0 0.353079 0.11476
28 0.9625 0 0 0 0 1.00978 0.424862
29 0.9975 0.374323 0.00255319 0.00300987 0.000992908 1.76004 1.00538
30 1.0325 7.80277 0.0595745 0.29939 0.106809 2.24655 1.79928
31 1.0675 33.9011 0.324397 3.31254 1.3583 2.36776 2.6937
32 1.1025 45.2487 0.701418 8.43254 4.75645 2.23989 3.5962
33 1.1375 33.7275 1.00057 8.58891 8.44085 1.99436 4.45159
34 1.1725 22.2615 1.21035 5.26671 10.8413 1.73067 5.24027
35 1.2075 14.2203 1.35248 2.62773 12.1115 1.49663 5.96362
36 1.2425 9.30213 1.45092 1.25655 12.7546 1.29606 6.62686
37 1.2775 5.83248 1.51617 0.662878 13.1133 1.14036 7.24377
38 1.3125 4.32437 1.56723 0.403101 13.3435 1.01505 7.82338
39 1.3475 3.57843 1.61177 0.270861 13.5065 0.915314 8.37429
40 1.3825 2.80408 1.64851 0.217587 13.6444 0.83876 8.90568
41 1.4175 2.74971 1.68638 0.183552 13.7667 0.785639 9.42894
42 1.4525 2.35398 1.72043 0.189009 13.8989 0.7444 9.94952
43 1.4875 2.70277 1.76142 0.193852 14.0411 0.721579 10.4788
44 1.5225 2.52637 1.80156 0.21679 14.2077 0.709045 11.0236
45 1.5575 2.55059 1.84397 0.241374 14.4018 0.717611 11.6006
46 1.5925 2.45604 1.88667 0.299378 14.6535 0.747443 12.2289
47 1.6275 2.84372 1.9383 0.400521 15.0052 0.788623 12.9213
48 1.6625 3.7285 2.00894 0.592123 15.5477 0.83455 13.6859
49 1.6975 4.62483 2.10028 0.936797 16.4426 0.874381 14.521
50 1.7325 6.8873 2.24199 1.36247 17.7984 0.900543 15.417
51 1.7675 10.1213 2.45872 1.70937 19.5687 0.930305 16.3803
52 1.8025 14.7127 2.78638 1.8523 21.5638 0.954238 17.408
53 1.8375 21.0647 3.2739 1.78127 23.5577 0.980274 18.5051
54 1.8725 27.3787 3.93191 1.65453 25.4809 1.01162 19.6808
55 1.9075 33.5321 4.76823 1.48101 27.2673 1.04824 20.945
56 1.9425 37.8133 5.74624 1.3479 28.9534 1.08889 22.3069
57 1.9775 35.9681 6.71035 1.28261 30.6162 1.11666 23.7543
58 2.0125 28.8676 7.51177 1.29385 32.3534 1.1337 25.2763
59 2.0475 20.7761 8.10879 1.4158 34.3211 1.14919 26.8732
60 2.0825 14.7443 8.54709 1.52814 36.5181 1.15587 28.5348
61 2.1175 11.0949 8.88809 1.59074 38.8826 1.16442 30.2654
62 2.1525 12.3851 9.28142 1.4891 41.1699 1.15358 32.037
63 2.1875 14.4915 9.75674 1.32514 43.272 1.1303 33.8298
64 2.2225 16.5775 10.318 1.10599 45.083 1.089 35.6127
65 2.2575 15.5842 10.8624 0.92407 46.6443 1.04782 37.3828
66 2.2925 12.7417 11.3214 0.769229 47.9845 1.00589 39.135
67 2.3275 9.07237 11.6583 0.67937 49.2045 0.973589 40.8832
68 2.3625 6.17686 11.8946 0.607913 50.3294 0.950881 42.6424
69 2.3975 5.0366 12.093 0.579091 51.4328 0.939871 44.4331
70 2.4325 4.07434 12.2583 0.601631 52.613 0.93704 46.2709
71 2.4675 3.88141 12.4203 0.671825 53.969 0.939624 48.1672
72 2.5025 4.14369 12.5982 0.806207 55.6428 0.941798 50.1221
73 2.5375 5.09717 12.8231 0.983606 57.7423 0.94775 52.1449
74 2.5725 6.07575 13.0987 1.1837 60.3392 0.955428 54.2406
75 2.6075 7.92252 13.4679 1.3695 63.426 0.962185 56.409
76 2.6425 10.482 13.9696 1.50703 66.9146 0.968738 58.6512
77 2.6775 12.5594 14.5868 1.59254 70.6994 0.975538 60.9693
78 2.7125 13.9952 15.2926 1.62945 74.6739 0.985648 63.3731
79 2.7475 14.4359 16.0396 1.63001 78.753 0.993252 65.8584
80 2.7825 14.369 16.8021 1.54955 82.7301 1.00168 68.4289
81 2.8175 13.8865 17.5577 1.46914 86.5964 1.00895 71.0837
82 2.8525 13.558 18.3139 1.39637 90.363 1.01895 73.8319
83 2.8875 13.07 19.0609 1.33358 94.049 1.02331 76.6599
84 2.9225 11.7606 19.7494 1.29361 97.7118 1.026 79.5645
85 2.9575 10.9492 20.4058 1.24774 101.33 1.03163 82.5554
86 2.9925 10.0453 21.0224 1.20993 104.922 1.03265 85.6206
87 3.0275 9.20024 21.6004 1.18315 108.517 1.03398 88.7619
88 3.0625 8.69549 22.1594 1.13769 112.054 1.03597 91.9825
89 3.0975 8.54539 22.7214 1.10867 115.58 1.03374 95.27
90 3.1325 8.70979 23.3072 1.07767 119.086 1.02969 98.619
91 3.1675 8.81539 23.9135 1.06422 122.626 1.02251 102.019
92 3.2025 9.38444 24.5732 1.05957 126.228 1.0156 105.472
93 3.2375 8.99507 25.2194 1.02709 129.797 1.00735 108.972
94 3.2725 8.95248 25.8766 1.01282 133.393 1.00132 112.526
95 3.3075 8.55972 26.5184 0.989254 136.98 0.995956 116.137
96 3.3425 8.13875 27.1417 0.98676 140.635 0.991736 119.81
97 3.3775 7.51925 27.7296 0.985563 144.362 0.991721 123.56
98 3.4125 7.49197 28.3277 1.02532 148.32 0.991069 127.385
99 3.4475 7.76894 28.9606 1.06392 152.512 0.988112 131.278
100 3.4825 7.73642 29.6037 1.13125 157.06 0.989999 135.258
