# Time-averaged data for fix rdfnvt
# TimeStep Number-of-rows
# Row c_rdfnvt[1] c_rdfnvt[2] c_rdfnvt[3] c_rdfnvt[4] c_rdfnvt[5] c_rdfnvt[6] c_rdfnvt[7]
200000 100
1 0.0175 0 0 0 0 0 0
2 0.0525 0 0 0 0 0 0
3 0.0875 0 0 0 0 0 0
4 0.1225 0 0 0 0 0 0
5 0.1575 0 0 0 0 0 0
6 0.1925 0 0 0 0 0 0
7 0.2275 0 0 0 0 0 0
8 0.2625 0 0 0 0 0 0
9 0.2975 0 0 0 0 0 0
10 0.3325 0 0 0 0 0 0
11 0.3675 0 0 0 0 0 0
12 0.4025 0 0 0 0 0 0
13 0.4375 0 0 0 0 0 0
14 0.4725 0 0 0 0 0 0
15 0.5075 0 0 0 0 0 0
16 0.5425 0 0 0 0 0 0
17 0.5775 0 0 0 0 0 0
18 0.6125 0 0 0 0 0 0
19 0.6475 0 0 0 0 0 0
20 0.6825 0 0 0 0 0 0
21 0.7175 0 0 0 0 0 0
22 0.7525 0 0 0 0 0 0
23 0.7875 0 0 0 0 0 0
24 0.8225 0 0 0 0 0 0
25 0.8575 0 0 0 0 8.82557e-05 2.06764e-05
26 0.8925 0 0 0 0 0.011464 0.00293014
27 0.9275 0 0 0 0 0.154853 0.0453729
28 0.9625 0 0 0 0 0.68389 0.247228
29 0.9975 0.108185 0.00070922 0.00447376 0.00141844 1.48058 0.716588
30 1.0325 24.1937 0.170638 0.347203 0.119362 2.11711 1.43565
31 1.0675 262.287 2.13986 2.22153 0.926028 2.37949 2.29955
32 1.1025 489.549 6.06028 3.12171 2.13511 2.3187 3.19748
33 1.1375 254.545 8.23021 1.74255 2.85355 2.10873 4.06677
34 1.1725 58.3046 8.7583 0.659269 3.14234 1.86297 4.88272
35 1.2075 8.22466 8.8373 0.229286 3.24887 1.62398 5.6371
36 1.2425 1.12962 8.84879 0.115629 3.30574 1.41237 6.33176
37 1.2775 0.197884 8.85092 0.0771934 3.34589 1.24029 6.97664
38 1.3125 0 8.85092 0.0697722 3.38418 1.10627 7.58378
39 1.3475 0 8.85092 0.0778403 3.42922 0.993356 8.15841
40 1.3825 0.0450582 8.85149 0.0943288 3.48667 0.912624 8.71412
41 1.4175 0.160728 8.85362 0.13559 3.57348 0.848541 9.25731
42 1.4525 1.87773 8.87972 0.203829 3.7105 0.801607 9.7961
43 1.4875 13.7102 9.07957 0.320196 3.93624 0.771072 10.3396
44 1.5225 49.2835 9.8322 0.440942 4.26191 0.747845 10.8919
45 1.5575 82.7464 11.1546 0.458509 4.61631 0.741184 11.4647
46 1.5925 63.8339 12.2211 0.377315 4.92121 0.738036 12.061
47 1.6275 24.1497 12.6426 0.26832 5.14766 0.744992 12.6897
48 1.6625 5.64763 12.7454 0.212688 5.33496 0.758255 13.3573
49 1.6975 0.881688 12.7621 0.226255 5.5427 0.784308 14.0773
50 1.7325 0.172154 12.7655 0.28239 5.81277 0.813697 14.8554
51 1.7675 0.103377 12.7677 0.379331 6.19035 0.848235 15.6996
52 1.8025 2.30612 12.817 0.566365 6.77667 0.895202 16.6262
53 1.8375 25.4751 13.3837 0.892219 7.73652 0.93928 17.6365
54 1.8725 114.455 16.0275 1.36602 9.26262 0.990265 18.7427
55 1.9075 204.45 20.9284 1.59586 11.1128 1.03719 19.945
56 1.9425 150.411 24.6674 1.27277 12.643 1.08213 21.2458
57 1.9775 53.5718 26.0475 0.868322 13.7249 1.11172 22.6308
58 2.0125 10.6958 26.3329 0.64015 14.551 1.14162 24.1038
59 2.0475 1.54074 26.3755 0.57725 15.3221 1.1597 25.6526
60 2.0825 0.417029 26.3874 0.605435 16.1587 1.16282 27.2592
61 2.1175 2.83791 26.4712 0.660696 17.1026 1.16281 28.9202
62 2.1525 20.9905 27.1119 0.835587 18.3361 1.14412 30.6089
63 2.1875 56.3065 28.887 0.952473 19.7883 1.12582 32.3252
64 2.2225 61.5649 30.8904 0.817714 21.0752 1.09711 34.0516
65 2.2575 30.4141 31.9115 0.580506 22.0179 1.07082 35.7902
66 2.2925 8.25907 32.1974 0.429122 22.7365 1.03956 37.5307
67 2.3275 1.63351 32.2557 0.384552 23.4002 1.01443 39.2814
68 2.3625 3.30981 32.3774 0.426921 24.1594 0.989909 41.0415
69 2.3975 18.8301 33.0905 0.591016 25.2418 0.97312 42.8235
70 2.4325 57.7363 35.3411 0.775878 26.7046 0.95688 44.6272
71 2.4675 87.5971 38.8548 0.829116 28.313 0.945835 46.4618
72 2.5025 67.0076 41.6193 0.705392 29.7206 0.936385 48.33
73 2.5375 27.3294 42.7786 0.555222 30.8596 0.934193 50.2463
74 2.5725 7.02755 43.085 0.500359 31.9147 0.931727 52.2106
75 2.6075 2.19455 43.1833 0.530854 33.0647 0.934047 54.2337
76 2.6425 6.18224 43.4677 0.63722 34.4824 0.941641 56.3284
77 2.6775 17.8428 44.3104 0.745673 36.1857 0.950018 58.4982
78 2.7125 22.5415 45.403 0.806513 38.0764 0.956577 60.7403
79 2.7475 13.2658 46.0627 0.803021 40.0078 0.96932 63.0714
80 2.7825 4.42448 46.2884 0.814486 42.017 0.984234 65.499
81 2.8175 3.85415 46.4899 0.916462 44.335 0.995481 68.0165
82 2.8525 21.9576 47.667 1.16661 47.3595 1.00775 70.6287
83 2.8875 68.1539 51.4105 1.50836 51.3665 1.01778 73.3321
84 2.9225 100.107 57.0433 1.57635 55.6563 1.02795 76.1291
85 2.9575 72.3457 61.2121 1.31603 59.324 1.03108 79.0022
86 2.9925 28.186 62.8749 0.986852 62.1397 1.03576 81.957
87 3.0275 7.49821 63.3277 0.770032 64.3885 1.03587 84.9817
88 3.0625 4.71302 63.6189 0.689805 66.4499 1.03577 88.0764
89 3.0975 7.89022 64.1176 0.665349 68.4838 1.03463 91.2389
90 3.1325 9.49441 64.7313 0.667215 70.5699 1.03093 94.4616
91 3.1675 6.2792 65.1464 0.680439 72.745 1.02562 97.7397
92 3.2025 3.95728 65.4138 0.697421 75.024 1.02045 101.074
93 3.2375 9.67942 66.0821 0.793237 77.6731 1.01587 104.466
94 3.2725 28.3983 68.0857 0.896414 80.7318 1.0082 107.906
95 3.3075 45.6302 71.3742 0.941841 84.0147 1.00323 111.402
96 3.3425 38.0944 74.178 0.848782 87.0361 0.998123 114.954
97 3.3775 18.931 75.6007 0.756138 89.7844 0.993489 118.565
98 3.4125 9.45724 76.3262 0.745849 92.5518 0.987734 122.229
99 3.4475 14.1683 77.4356 0.82257 95.6667 0.984922 125.958
100 3.4825 22.9019 79.2654 0.875845 99.0511 0.985281 129.765
