# Time-averaged data for fix rdfnvt
# TimeStep Number-of-rows
# Row c_rdfnvt[1] c_rdfnvt[2] c_rdfnvt[3] c_rdfnvt[4] c_rdfnvt[5] c_rdfnvt[6] c_rdfnvt[7]
200000 100
1 0.0175 0 0 0 0 0 0
2 0.0525 0 0 0 0 0 0
3 0.0875 0 0 0 0 0 0
4 0.1225 0 0 0 0 0 0
5 0.1575 0 0 0 0 0 0
6 0.1925 0 0 0 0 0 0
7 0.2275 0 0 0 0 0 0
8 0.2625 0 0 0 0 0 0
9 0.2975 0 0 0 0 0 0
10 0.3325 0 0 0 0 0 0
11 0.3675 0 0 0 0 0 0
12 0.4025 0 0 0 0 0 0
13 0.4375 0 0 0 0 0 0
14 0.4725 0 0 0 0 0 0
15 0.5075 0 0 0 0 0 0
16 0.5425 0 0 0 0 0 0
17 0.5775 0 0 0 0 0 0
18 0.6125 0 0 0 0 0 0
19 0.6475 0 0 0 0 0 0
20 0.6825 0 0 0 0 0 0
21 0.7175 0 0 0 0 0 0
22 0.7525 0 0 0 0 0 0
23 0.7875 0 0 0 0 0 0
24 0.8225 0 0 0 0 0 0
25 0.8575 0 0 0 0 0.000264687 6.20292e-05
26 0.8925 0 0 0 0 0.0143228 0.00369812
27 0.9275 0 0 0 0 0.171667 0.0507636
28 0.9625 0 0 0 0 0.710934 0.260665
29 0.9975 0.129783 0.000851064 0.0022362 0.00070922 1.50198 0.736952
30 1.0325 25.6602 0.181135 0.302849 0.103617 2.12238 1.45803
31 1.0675 248.25 2.04553 2.33801 0.952837 2.35575 2.31357
32 1.1025 461.282 5.74071 3.29009 2.22752 2.31018 3.20847
33 1.1375 265.164 8.00184 1.75509 2.95135 2.10279 4.07557
34 1.1725 74.0211 8.67248 0.629773 3.2273 1.85881 4.88995
35 1.2075 14.1415 8.80837 0.238373 3.33809 1.61566 5.64069
36 1.2425 2.73256 8.83617 0.124386 3.39929 1.41218 6.33547
37 1.2775 0.870424 8.84553 0.0903952 3.44631 1.23631 6.97848
38 1.3125 0.324851 8.84922 0.0794386 3.48993 1.10451 7.58484
39 1.3475 0.0948296 8.85035 0.0799 3.53617 0.992217 8.15898
40 1.3825 0.10135 8.85163 0.102333 3.59851 0.914059 8.71574
41 1.4175 0.257086 8.85504 0.140642 3.68858 0.846115 9.25753
42 1.4525 2.14241 8.88482 0.229291 3.84277 0.801386 9.79633
43 1.4875 12.8403 9.07206 0.350771 4.09014 0.77168 10.3405
44 1.5225 43.6508 9.73887 0.450599 4.42305 0.750373 10.8948
45 1.5575 74.3453 10.9274 0.45149 4.77213 0.741284 11.4678
46 1.5925 66.2079 12.0339 0.346403 5.05213 0.737951 12.0642
47 1.6275 29.4161 12.5474 0.272523 5.2822 0.748741 12.6962
48 1.6625 8.8855 12.7092 0.24539 5.49837 0.761151 13.3667
49 1.6975 2.23343 12.7516 0.267577 5.74411 0.788419 14.0906
50 1.7325 0.580844 12.7631 0.341241 6.07057 0.816568 14.8717
51 1.7675 0.213582 12.7675 0.438619 6.5073 0.850072 15.718
52 1.8025 2.71616 12.8257 0.599821 7.12844 0.893735 16.6434
53 1.8375 23.7207 13.3535 0.910994 8.10879 0.943815 17.6589
54 1.8725 101.173 15.6912 1.35641 9.62461 0.989531 18.7645
55 1.9075 186.813 20.1706 1.53214 11.4014 1.03936 19.9697
56 1.9425 158.015 24.0999 1.25168 12.9067 1.08145 21.2701
57 1.9775 65.4335 25.7861 0.889852 14.0158 1.11662 22.6616
58 2.0125 16.9901 26.2396 0.718466 14.9433 1.14267 24.1364
59 2.0475 3.68639 26.3414 0.666141 15.8333 1.15868 25.6844
60 2.0825 1.22093 26.3763 0.641373 16.7199 1.16434 27.2935
61 2.1175 3.15387 26.4695 0.676128 17.6861 1.15631 28.9457
62 2.1525 18.22 27.0258 0.862612 18.9599 1.1439 30.6347
63 2.1875 49.5287 28.5877 0.967018 20.4348 1.12169 32.3452
64 2.2225 59.4066 30.5214 0.830124 21.7416 1.09471 34.0683
65 2.2575 34.5482 31.6817 0.581159 22.6856 1.06701 35.8012
66 2.2925 12.3398 32.1091 0.427087 23.401 1.03758 37.539
67 2.3275 3.30576 32.2271 0.404028 24.0986 1.01365 39.2889
68 2.3625 3.54405 32.3574 0.4545 24.9071 0.987632 41.0455
69 2.3975 16.2443 32.9728 0.600825 26.0078 0.97227 42.8264
70 2.4325 47.8353 34.838 0.766542 27.4534 0.956405 44.6298
71 2.4675 80.4117 38.0644 0.789758 28.986 0.945485 46.4643
72 2.5025 70.4587 40.9722 0.679772 30.3428 0.939365 48.339
73 2.5375 35.2871 42.4695 0.567598 31.5076 0.9326 50.2526
74 2.5725 11.5106 42.9715 0.538371 32.6431 0.936331 52.2272
75 2.6075 3.76411 43.1401 0.574385 33.8878 0.939616 54.263
76 2.6425 5.99541 43.416 0.688875 35.4209 0.944042 56.3637
77 2.6775 15.6846 44.157 0.809202 37.2699 0.950358 58.5348
78 2.7125 21.5019 45.1996 0.863459 39.2947 0.960181 60.7862
79 2.7475 14.5819 45.925 0.843546 41.3242 0.970624 63.1211
80 2.7825 5.9355 46.2278 0.842577 43.4033 0.981296 65.5421
81 2.8175 4.11328 46.443 0.939535 45.7804 0.996028 68.0618
82 2.8525 17.5517 47.3841 1.19076 48.8684 1.00874 70.6774
83 2.8875 56.5909 50.4935 1.48879 52.8247 1.01593 73.3767
84 2.9225 92.7607 55.7145 1.56011 57.0716 1.02357 76.1626
85 2.9575 77.7769 60.1976 1.31991 60.7511 1.03042 79.0347
86 2.9925 36.9794 62.3799 1.01066 63.6357 1.03365 81.9845
87 3.0275 12.5214 63.1362 0.821898 66.0367 1.03531 85.0084
88 3.0625 5.81318 63.4955 0.732089 68.225 1.03303 88.0959
89 3.0975 7.44363 63.9661 0.702859 70.3743 1.03321 91.2549
90 3.1325 9.10765 64.555 0.700733 72.5658 1.02998 94.4756
91 3.1675 7.13543 65.0268 0.692697 74.7809 1.02472 97.7519
92 3.2025 4.49964 65.3309 0.714003 77.1148 1.01899 101.082
93 3.2375 8.27799 65.9027 0.780852 79.7233 1.01383 104.469
94 3.2725 23.3549 67.5509 0.89288 82.7709 1.00973 107.914
95 3.3075 40.7426 70.4881 0.913037 85.9543 1.00376 111.414
96 3.3425 39.5548 73.4003 0.826934 88.8988 0.99984 114.973
97 3.3775 22.9801 75.1278 0.748574 91.6204 0.994654 118.589
98 3.4125 12.0495 76.0525 0.752177 94.4121 0.990213 122.264
99 3.4475 13.1064 77.079 0.826402 97.5426 0.987153 126.003
100 3.4825 20.4404 78.7126 0.895891 101.005 0.98382 129.805
